1111 9
1110 8
1101 7
1100 6
1011 5
1010 4
1001 3
1000 2
0111 1
0110 0
0101 補位1
0100 補位2
0011 補位3
0010 補位4
0001 補位5
0000 補位6

1111 9
1110 8
1101 7
1100 6
1011 5
1010 4
1001 3
1000 2
0111 1
0110 0
0101 補位1
0100 補位2
0011 補位3
0010 補位4
0001 補位5
0000 補位6



111 3
110 2
101 1
100 0
011 9
010 8
001 7
000 6

111 5
110 4
101 3
100 2
011 1
010 0
001 9
000 8

111 7
110 6
101 5
100 4
011 3
010 2
001 1
000 0


1, 2, 4, 8, 16 ,32 ,64 ,128, 256, 512, 1024, 2048, 4096, 8192, 
16384, 32768, 65536, 131072, 262144, 524288, 1048576, 2097152,
4194304, 8388608, 16777216, 33554432, 67108864, 134217728,
268435456, 536870912, 1073741824, 2147483648, 4294967296, 8589934592,
17179869184, 34359738368, 68719476736, 137438953472, 274877906944,
549755813888, 1099511627776, 2199023255552, 4398046511104, 8796093022208,
17592186044416, 35184372088832, 70368744177664, 140737488355328, 281474976710656,
562949953421312, 1125899906842624, 2251799813685248, 4503599627370496, 9007199254740992,
18014398509481984, 36028797018963968, 72057594037927936, 144115188075855872,
288230376151711744, 576460752303423488, 1152921504606846976, 2305843009213693952,
4611686018427387904, 9223372036854775808, 18446744073709551616, 36893488147419103232,
73786976294838206464, 147573952589676412928, 295147905179352825856, 590295810358705651712,
1180591620717411303424, 2361183241434822606848, 4722366482869645213696, 9444732965739290427392
18889465931478580854784, 37778931862957161709568, 75557863725914323419136, 151115727451828646838272,
302231454903657293676544, 604462909807314587353088

01, 02, 04, 08, 16, 32, 64, 12, 25, 51, 10, 20, 40, 81, 16, 32, 65,
13, 26, 52, 10, 20, 41, 83, 16, 33, 67, 13, 26, 53, 10, 21, 42, 85,
17, 34, 68, 13, 27


12481361251248136125
12481361251248136125
12481371251249137125
12491371251249137136


1 2 3 4 5 6 7 8 9 10

1Byte      2Byte     3Byte
1 - 8   9-10 11-16  17-20 